 16:57:58 up 6 days, 12:06, 12 users,  load average: 1.26, 3.03, 3.43
═══════════════════════════════════════════════════════════════════════════════════════════
 NimbleCAS M7 Distributed Memoization & Deduplication Benchmark (ROADMAP §6.2)
 Host: unknown_host | Cores: 32 | Commit: HEAD
 Tasks: 64 | Reps: 9 | Seed: 1337
 Workers: 4
═══════════════════════════════════════════════════════════════════════════════════════════
Calibrated rate: 1.654e+08 spin rounds/second


--- SUMMARY RESULTS TABLE ---
| Task(ms) | DupRatio | Tasks | Reps | Arm A Median [Min, Max] (s) | Arm B Median [Min, Max] (s) | Arm C Median [Min, Max] (s) | Δ B vs A (%) | Δ C vs A (%) | Exec (A/B/C) |
|:---------|:---------|:------|:-----|:----------------------------|:----------------------------|:----------------------------|:-------------|:-------------|:-------------|
|    0.050 |    0.250 |    64 |    9 | 0.003364 [0.003228, 0.004348] | 0.003026 [0.002816, 0.003127] | 0.001095 [0.001079, 0.001106] |       +10.0% |       +67.5% | 64/48/0      |
|    0.050 |    0.500 |    64 |    9 | 0.003381 [0.003330, 0.003420] | 0.002763 [0.002522, 0.002822] | 0.001088 [0.001075, 0.001097] |       +18.3% |       +67.8% | 64/32/0      |
|    0.050 |    0.750 |    64 |    9 | 0.003405 [0.003091, 0.004340] | 0.002491 [0.002471, 0.002533] | 0.001094 [0.001086, 0.001099] |       +26.8% |       +67.9% | 64/16/0      |
|    0.100 |    0.250 |    64 |    9 | 0.004267 [0.004214, 0.004386] | 0.003719 [0.003653, 0.003789] | 0.001087 [0.001080, 0.001094] |       +12.8% |       +74.5% | 64/48/0      |
|    0.100 |    0.500 |    64 |    9 | 0.004236 [0.004197, 0.005300] | 0.003209 [0.002956, 0.004283] | 0.001091 [0.001073, 0.001093] |       +24.2% |       +74.2% | 64/32/0      |
|    0.100 |    0.750 |    64 |    9 | 0.004242 [0.004211, 0.004283] | 0.002700 [0.002438, 0.002724] | 0.001086 [0.001080, 0.001092] |       +36.3% |       +74.4% | 64/16/0      |
|    0.500 |    0.250 |    64 |    9 | 0.011137 [0.011119, 0.011443] | 0.008896 [0.008874, 0.008959] | 0.001089 [0.001065, 0.001101] |       +20.1% |       +90.2% | 64/48/0      |
|    0.500 |    0.500 |    64 |    9 | 0.010631 [0.010026, 0.011225] | 0.006182 [0.006103, 0.007172] | 0.001084 [0.001067, 0.001094] |       +41.9% |       +89.8% | 64/32/0      |
|    0.500 |    0.750 |    64 |    9 | 0.010085 [0.009753, 0.010569] | 0.004154 [0.004128, 0.005218] | 0.001091 [0.001064, 0.001108] |       +58.8% |       +89.2% | 64/16/0      |
|    1.000 |    0.250 |    64 |    9 | 0.017953 [0.017730, 0.018361] | 0.014587 [0.013831, 0.014815] | 0.001090 [0.001082, 0.001116] |       +18.7% |       +93.9% | 64/48/0      |
|    1.000 |    0.500 |    64 |    9 | 0.017817 [0.017759, 0.017947] | 0.010515 [0.010506, 0.010552] | 0.001087 [0.001084, 0.001089] |       +41.0% |       +93.9% | 64/32/0      |
|    1.000 |    0.750 |    64 |    9 | 0.017840 [0.017805, 0.017956] | 0.006045 [0.005811, 0.007268] | 0.001089 [0.001056, 0.001103] |       +66.1% |       +93.9% | 64/16/0      |
|    5.000 |    0.250 |    64 |    9 | 0.078576 [0.074185, 0.079840] | 0.059630 [0.056099, 0.060615] | 0.001093 [0.001086, 0.001134] |       +24.1% |       +98.6% | 64/48/0      |
|    5.000 |    0.500 |    64 |    9 | 0.077633 [0.075267, 0.078824] | 0.040730 [0.039850, 0.042106] | 0.001093 [0.001084, 0.001151] |       +47.5% |       +98.6% | 64/32/0      |
|    5.000 |    0.750 |    64 |    9 | 0.078509 [0.074104, 0.078906] | 0.021414 [0.020250, 0.022722] | 0.001106 [0.001089, 0.001125] |       +72.7% |       +98.6% | 64/16/0      |
|   10.000 |    0.250 |    64 |    9 | 0.148424 [0.145763, 0.152763] | 0.116500 [0.114483, 0.117001] | 0.001106 [0.001090, 0.001158] |       +21.5% |       +99.3% | 64/48/0      |
|   10.000 |    0.500 |    64 |    9 | 0.150029 [0.145754, 0.153632] | 0.078900 [0.075293, 0.079631] | 0.001109 [0.001083, 0.001155] |       +47.4% |       +99.3% | 64/32/0      |
|   10.000 |    0.750 |    64 |    9 | 0.150543 [0.147149, 0.154677] | 0.040734 [0.039944, 0.041945] | 0.001115 [0.001088, 0.001152] |       +72.9% |       +99.3% | 64/16/0      |
|   50.000 |    0.250 |    64 |    9 | 0.721240 [0.718538, 0.750255] | 0.542468 [0.539481, 0.546082] | 0.001142 [0.001125, 0.001175] |       +24.8% |       +99.8% | 64/48/0      |
|   50.000 |    0.500 |    64 |    9 | 0.729025 [0.718101, 0.764458] | 0.366015 [0.360378, 0.374259] | 0.001135 [0.001085, 0.001162] |       +49.8% |       +99.8% | 64/32/0      |
|   50.000 |    0.750 |    64 |    9 | 0.722485 [0.718744, 0.764459] | 0.187023 [0.183767, 0.193566] | 0.001132 [0.001108, 0.001155] |       +74.1% |       +99.8% | 64/16/0      |

--- MEMO TELEMETRY (ARM C) ---
| Task(ms) | DupRatio | Hits       | Misses     | Publishes  | KeyMismatches | Rejected   |
|:---------|:---------|:-----------|:-----------|:-----------|:--------------|:-----------|
|    0.050 |    0.250 |        432 |         48 |         48 |             0 |          0 |
|    0.050 |    0.500 |        288 |         32 |         32 |             0 |          0 |
|    0.050 |    0.750 |        144 |         16 |         16 |             0 |          0 |
|    0.100 |    0.250 |        432 |         48 |         48 |             0 |          0 |
|    0.100 |    0.500 |        288 |         32 |         32 |             0 |          0 |
|    0.100 |    0.750 |        144 |         16 |         16 |             0 |          0 |
|    0.500 |    0.250 |        432 |         48 |         48 |             0 |          0 |
|    0.500 |    0.500 |        288 |         32 |         32 |             0 |          0 |
|    0.500 |    0.750 |        144 |         16 |         16 |             0 |          0 |
|    1.000 |    0.250 |        432 |         48 |         48 |             0 |          0 |
|    1.000 |    0.500 |        288 |         32 |         32 |             0 |          0 |
|    1.000 |    0.750 |        144 |         16 |         16 |             0 |          0 |
|    5.000 |    0.250 |        432 |         48 |         48 |             0 |          0 |
|    5.000 |    0.500 |        288 |         32 |         32 |             0 |          0 |
|    5.000 |    0.750 |        144 |         16 |         16 |             0 |          0 |
|   10.000 |    0.250 |        432 |         48 |         48 |             0 |          0 |
|   10.000 |    0.500 |        288 |         32 |         32 |             0 |          0 |
|   10.000 |    0.750 |        144 |         16 |         16 |             0 |          0 |
|   50.000 |    0.250 |        432 |         48 |         48 |             0 |          0 |
|   50.000 |    0.500 |        288 |         32 |         32 |             0 |          0 |
|   50.000 |    0.750 |        144 |         16 |         16 |             0 |          0 |

Raw per-repetition CSV written to: /tmp/m7_bench.csv
BENCH_EXIT=0
